10     0     15
95     0     3
34     1     2
82     3     1
36     3     4
19     7     1
49     7     3
88     9     1
80     9     1
72     9     2
90     9     1
50     9     1
81     9     1
48     11     1
38     11     2
26     12     1
84     12     1
45     14     3
20     15     1
96     15     2
79     22     9
85     22     3
28     22     8
57     23     9
73     23     4
40     24     5
17     24     3
18     26     1
83     26     6
98     26     2
87     31     10
68     31     3
51     31     2
37     31     1
32     35     4
71     35     5
74     35     3
76     36     1
93     37     6
91     37     2
55     38     12
66     39     3
69     41     2
41     41     1
13     42     4
62     44     10
44     44     4
47     44     14
15     45     6
